1  1  0  4.744378e+01  0.000000e+00
1  1  1  5.471726e+00  4.890405e+00
1  1  2  9.751064e-01  8.736765e-01
1  1  3  1.902824e-01  1.606924e-01
1  1  4  6.426324e-02  0.000000e+00
2  1  0  1.263494e+00  0.000000e+00
2  1  1  2.730873e+00  -2.418538e+00
2  1  2  4.889332e-01  -4.430958e-01
2  1  3  9.220058e-02  -7.394203e-02
2  1  4  6.555956e-03  0.000000e+00
6  1  0  -1.682439e-03  0.000000e+00
6  1  1  7.369951e-01  -5.829343e-01
6  1  2  1.159494e-01  -1.100076e-01
6  1  3  2.048806e-02  -2.061159e-02
6  1  4  -1.440739e-03  0.000000e+00
