1  1  0  4.194646e+01  0.000000e+00
1  1  1  3.546943e+00  3.718656e+00
1  1  2  5.078872e-01  5.452147e-01
1  1  3  9.110299e-02  9.577838e-02
1  1  4  3.669781e-02  0.000000e+00
2  1  0  -5.064784e-01  0.000000e+00
2  1  1  1.968214e+00  -2.129401e+00
2  1  2  2.865344e-01  -2.936552e-01
2  1  3  4.637140e-02  -4.383619e-02
2  1  4  7.867363e-04  0.000000e+00
6  1  0  2.114636e-02  0.000000e+00
6  1  1  3.112236e-01  -4.094109e-01
6  1  2  4.940304e-02  -7.004913e-02
6  1  3  4.249192e-03  -2.009727e-02
6  1  4  -8.167547e-03  0.000000e+00
