1  1  0  4.639861e+01  0.000000e+00
1  1  1  4.922227e+00  4.618983e+00
1  1  2  8.561984e-01  7.676681e-01
1  1  3  1.579281e-01  1.386538e-01
1  1  4  5.106857e-02  0.000000e+00
2  1  0  3.871217e-01  0.000000e+00
2  1  1  2.649809e+00  -2.429618e+00
2  1  2  4.649897e-01  -3.987766e-01
2  1  3  7.658746e-02  -6.327581e-02
2  1  4  1.694714e-03  0.000000e+00
6  1  0  3.129445e-01  0.000000e+00
6  1  1  5.742758e-01  -5.340838e-01
6  1  2  1.068608e-01  -9.239063e-02
6  1  3  1.709305e-02  -1.787703e-02
6  1  4  5.362408e-06  0.000000e+00
