1  1  0  4.549809e+01  0.000000e+00
1  1  1  4.593828e+00  4.689647e+00
1  1  2  7.331624e-01  7.489304e-01
1  1  3  1.330232e-01  1.352295e-01
1  1  4  4.928125e-02  0.000000e+00
2  1  0  3.152359e-01  0.000000e+00
2  1  1  2.289045e+00  -2.268253e+00
2  1  2  3.622308e-01  -3.639218e-01
2  1  3  6.246161e-02  -6.241266e-02
2  1  4  -2.243581e-03  0.000000e+00
6  1  0  3.713553e-01  0.000000e+00
6  1  1  5.286482e-01  -5.574289e-01
6  1  2  7.881253e-02  -9.403564e-02
6  1  3  1.457320e-02  -1.852078e-02
6  1  4  -1.480762e-03  0.000000e+00
