1  1  0  4.370933e+01  0.000000e+00
1  1  1  4.260295e+00  4.338563e+00
1  1  2  6.613400e-01  7.291746e-01
1  1  3  1.268983e-01  1.269766e-01
1  1  4  4.745407e-02  0.000000e+00
2  1  0  -3.213952e-01  0.000000e+00
2  1  1  2.127872e+00  -2.243896e+00
2  1  2  3.331618e-01  -3.630462e-01
2  1  3  6.201093e-02  -5.512790e-02
2  1  4  3.717091e-03  0.000000e+00
6  1  0  1.288144e+00  0.000000e+00
6  1  1  4.580179e-01  -4.727498e-01
6  1  2  7.949432e-02  -8.068352e-02
6  1  3  1.581102e-02  -1.559442e-02
6  1  4  5.086528e-04  0.000000e+00
