1  1  0  4.312477e+01  0.000000e+00
1  1  1  4.369457e+00  4.122526e+00
1  1  2  7.428554e-01  6.817765e-01
1  1  3  1.286202e-01  1.384854e-01
1  1  4  5.114737e-02  0.000000e+00
2  1  0  9.348577e-01  0.000000e+00
2  1  1  2.240601e+00  -2.123321e+00
2  1  2  3.736515e-01  -3.529484e-01
2  1  3  5.470958e-02  -6.499131e-02
2  1  4  -5.540103e-03  0.000000e+00
6  1  0  5.825280e-01  0.000000e+00
6  1  1  5.255083e-01  -4.486808e-01
6  1  2  8.121452e-02  -8.338483e-02
6  1  3  1.667043e-02  -1.473041e-02
6  1  4  3.115477e-04  0.000000e+00
