1  1  0  4.248649e+01  0.000000e+00
1  1  1  3.899189e+00  3.871338e+00
1  1  2  5.595349e-01  6.018028e-01
1  1  3  9.374770e-02  9.892669e-02
1  1  4  3.556674e-02  0.000000e+00
2  1  0  5.304870e-01  0.000000e+00
2  1  1  2.180131e+00  -2.131578e+00
2  1  2  3.077227e-01  -3.223922e-01
2  1  3  4.458719e-02  -5.132231e-02
2  1  4  -2.334564e-03  0.000000e+00
6  1  0  9.891074e-01  0.000000e+00
6  1  1  3.473016e-01  -3.853842e-01
6  1  2  6.207895e-02  -6.331144e-02
6  1  3  1.489802e-02  -8.517888e-03
6  1  4  2.722143e-03  0.000000e+00
