1  1  0  4.448899e+01  0.000000e+00
1  1  1  4.192887e+00  4.267806e+00
1  1  2  6.359714e-01  6.599461e-01
1  1  3  1.052202e-01  1.154768e-01
1  1  4  3.782969e-02  0.000000e+00
2  1  0  -1.892145e-01  0.000000e+00
2  1  1  2.225889e+00  -2.236282e+00
2  1  2  3.290013e-01  -3.459083e-01
2  1  3  5.248783e-02  -5.703700e-02
2  1  4  -8.307207e-04  0.000000e+00
6  1  0  -9.324455e-01  0.000000e+00
6  1  1  4.047793e-01  -4.832383e-01
6  1  2  7.069293e-02  -6.632808e-02
6  1  3  1.375742e-02  -1.051039e-02
6  1  4  2.864039e-03  0.000000e+00
