1  1  0  4.217851e+01  0.000000e+00
1  1  1  3.704377e+00  4.108161e+00
1  1  2  5.415019e-01  6.796948e-01
1  1  3  9.316260e-02  1.298156e-01
1  1  4  4.638872e-02  0.000000e+00
2  1  0  6.033234e-01  0.000000e+00
2  1  1  2.039546e+00  -2.185975e+00
2  1  2  2.701664e-01  -3.640172e-01
2  1  3  3.672934e-02  -7.280617e-02
2  1  4  -1.299062e-02  0.000000e+00
6  1  0  9.514921e-02  0.000000e+00
6  1  1  3.538950e-01  -4.676780e-01
6  1  2  5.229681e-02  -8.161162e-02
6  1  3  1.026974e-02  -1.796993e-02
6  1  4  -3.095079e-03  0.000000e+00
