1  1  0  4.206103e+01  0.000000e+00
1  1  1  3.251457e+00  3.544201e+00
1  1  2  4.685720e-01  5.135668e-01
1  1  3  9.494143e-02  9.897344e-02
1  1  4  4.338505e-02  0.000000e+00
2  1  0  -9.085531e-01  0.000000e+00
2  1  1  1.898353e+00  -2.090715e+00
2  1  2  2.799670e-01  -2.830189e-01
2  1  3  5.201722e-02  -3.950928e-02
2  1  4  7.174178e-03  0.000000e+00
6  1  0  1.050552e+00  0.000000e+00
6  1  1  3.124271e-01  -3.861536e-01
6  1  2  4.643217e-02  -6.577208e-02
6  1  3  5.253201e-03  -2.069685e-02
6  1  4  -8.570232e-03  0.000000e+00
